iter=10      res2=8.055268277997062744313717187507e-01      err2=8.401249616807471239918998966175e-01      errA=8.205372117265757880844034843904e-01
iter=20      res2=5.363003549258725923139957134947e-01      err2=5.629207163229701879993506944168e-01      errA=5.468528604103066736996652252856e-01
iter=30      res2=3.130622088657030118048522229267e-01      err2=3.296683301186624830198958624854e-01      errA=3.209337408934592739129243454954e-01
