iter=10      res2=2.269208934791228660916029086278e-05      err2=1.281491754760240312361656641244e-01      errA=1.049752515970640549900633198277e-04
iter=20      res2=2.577716994645075435826002358008e-07      err2=3.072272035054447497208219029992e-03      errA=1.626958075225286104128390521351e-06
iter=30      res2=1.356798125922720605260885548085e-08      err2=1.690915720882661766374783378951e-04      errA=7.047610426990204119057176158566e-08
iter=40      res2=7.184080300703769982810260131875e-10      err2=2.827472250048588745629959179831e-06      errA=3.151101828823892778101754567010e-09
