iter=10      res2=2.056654498418066055515043693625e-02      err2=2.023897070022994903317076659729e+01      errA=2.595044869102092893742295132142e-02
iter=20      res2=1.138519441209875569758403166214e-03      err2=8.152920700498547021166944161143e+00      errA=1.999567229456159639378043380020e-03
iter=30      res2=1.010147829827444709225199731383e-04      err2=1.683230790580775190035272628196e+00      errA=4.063022301275119770036514665890e-04
